Confusion matrix [TP, FP, FN, TN]:
      710282    55041019      177793   159377162
      637169    30874181      250906   183544000
      579579    27385964      308496   187032217
      528133    23237929      359942   191180252
      466994    20383633      421081   194034548
      386896    12096656      501179   202321525
      338805     1033846      549270   213384335
      264602      779041      623473   213639140
      245347      726278      642728   213691903
      164559      511646      723516   213906535
      164559      511646      723516   213906535
       88893      229409      799182   214188772
       49565      201774      838510   214216407
       49565      201774      838510   214216407
       49565      201774      838510   214216407
       19976      114786      868099   214303395
           0           0      888075   214418181
           0           0      888075   214418181
           0           0      888075   214418181

Threshold, Precision, Accuracy, Recall, F1-Score: 
    0.0100    0.0127    0.7435    0.7998    0.0251
    0.0150    0.0202    0.8554    0.7175    0.0393  <----- Recall
    0.0200    0.0207    0.8714    0.6526    0.0402
    0.0250    0.0222    0.8904    0.5947    0.0428
    0.0300    0.0224    0.9034    0.5258    0.0430
    0.0350    0.0310    0.9415    0.4357    0.0579
    0.0400    0.2468    0.9926    0.3815    0.2997  <----- best F1-Score
    0.0450    0.2535    0.9935    0.2980    0.2740
    0.0500    0.2525    0.9936    0.2763    0.2639
    0.0550    0.2434    0.9943    0.1853    0.2104
    0.0600    0.2434    0.9943    0.1853    0.2104
    0.0650    0.2793    0.9952    0.1001    0.1474
    0.0700    0.1972    0.9952    0.0558    0.0870
    0.0750    0.1972    0.9952    0.0558    0.0870
    0.0800    0.1972    0.9952    0.0558    0.0870
    0.0850    0.1482    0.9954    0.0225    0.0391
    0.0900       NaN    0.9959         0       NaN
    0.0950       NaN    0.9959         0       NaN
    0.1000       NaN    0.9959         0       NaN
