Confusion matrix [TP, FP, FN, TN]:
      766695    84394613      121380   130023568
      672142    51304484      215933   163113697
      614867    28262251      273208   186155930
      572996    27142621      315079   187275560
      558160    27029388      329915   187388793
      511957    23325024      376118   191093157
      423124     8870329      464951   205547852
      339174     6574410      548901   207843771
      253669     1125352      634406   213292829
      192127     1054829      695948   213363352
      168951      740391      719124   213677790
       91180      303431      796895   214114750
       51613      270612      836462   214147569
       51613      270612      836462   214147569
       51613      270612      836462   214147569
       21192      160851      866883   214257330
       21192      160851      866883   214257330
           0           0      888075   214418181
           0           0      888075   214418181

Threshold, Precision, Accuracy, Recall, F1-Score: 
    0.0100    0.0090    0.6075    0.8633    0.0178
    0.0150    0.0129    0.7607    0.7569    0.0254
    0.0200    0.0213    0.8675    0.6924    0.0413
    0.0250    0.0207    0.8725    0.6452    0.0401
    0.0300    0.0202    0.8729    0.6285    0.0392
    0.0350    0.0215    0.8899    0.5765    0.0414
    0.0400    0.0455    0.9566    0.4765    0.0831  <---
    0.0450    0.0491    0.9669    0.3819    0.0869
    0.0500    0.1839    0.9918    0.2856    0.2238  <---- Best F1 score
    0.0550    0.1541    0.9919    0.2163    0.1800
    0.0600    0.1858    0.9932    0.1902    0.1880
    0.0650    0.2311    0.9949    0.1027    0.1422
    0.0700    0.1602    0.9949    0.0581    0.0853
    0.0750    0.1602    0.9949    0.0581    0.0853
    0.0800    0.1602    0.9949    0.0581    0.0853
    0.0850    0.1164    0.9952    0.0239    0.0396
    0.0900    0.1164    0.9952    0.0239    0.0396
    0.0950       NaN    0.9959         0       NaN
    0.1000       NaN    0.9959         0       NaN
