Confusion matrix [TP, FP, FN, TN]:
      716104    59199045      171971   155219136
      681143    40235048      206932   174183133
      661758    37447875      226317   176970306
      629430    31793486      258645   182624695
      613844    28486191      274231   185931990
      613844    28486191      274231   185931990
      583330    25071231      304745   189346950
      575014    25061208      313061   189356973
      555774    24279549      332301   190138632
      555774    24279549      332301   190138632
      498775    19302896      389300   195115285
      448793    12376117      439282   202042064
      399639    12342877      488436   202075304
      345398    12081162      542677   202337019

Threshold, Precision, Accuracy, Recall, F1-Score, F2-Score: 
    0.0100    0.0120    0.7242    0.8064    0.0236    0.0564
    0.0120    0.0166    0.8122    0.7670    0.0326    0.0766
    0.0140    0.0174    0.8250    0.7452    0.0339    0.0794
    0.0160    0.0194    0.8511    0.7088    0.0378    0.0875
    0.0180    0.0211    0.8664    0.6912    0.0409    0.0940
    0.0200    0.0211    0.8664    0.6912    0.0409    0.0940
    0.0220    0.0227    0.8821    0.6568    0.0440    0.0999 <--- Try this with morph
    0.0240    0.0224    0.8821    0.6475    0.0434    0.0985
    0.0260    0.0224    0.8857    0.6258    0.0432    0.0979
    0.0280    0.0224    0.8857    0.6258    0.0432    0.0979
    0.0300    0.0252    0.9085    0.5616    0.0482    0.1068
    0.0320    0.0350    0.9405    0.5054    0.0655    0.1370 <---- Best F-score
    0.0340    0.0314    0.9404    0.4500    0.0586    0.1226
    0.0360    0.0278    0.9414    0.3889    0.0519    0.1081
