Confusion matrix [TP, FP, FN, TN]:
      842760   178588248       45315    35829933
      818129   130081951       69946    84336230
      788915    87938597       99160   126479584
      730594    72175458      157481   142242723
      674015    69738469      214060   144679712
      619521    30965624      268554   183452557
      580892    30444625      307183   183973556
      561337    26226737      326738   188191444
      529017    23381178      359058   191037003
      489203    15985592      398872   198432589
      489203    15985592      398872   198432589
      489203    15985592      398872   198432589
      460732     4933120      427343   209485061
      446269     4876944      441806   209541237
      406923     4757465      481152   209660716
      304839     4169434      583236   210248747
      304839     4169434      583236   210248747
      261401     3792171      626674   210626010
      237120     2610682      650955   211807499

Threshold, Precision, Accuracy, Recall, F1-Score: 
    0.0100    0.0047    0.1703    0.9490    0.0093
    0.0150    0.0063    0.3955    0.9212    0.0124
    0.0200    0.0089    0.5911    0.8883    0.0176
    0.0250    0.0100    0.6640    0.8227    0.0198
    0.0300    0.0096    0.6751    0.7590    0.0189
    0.0350    0.0196    0.8549    0.6976    0.0382
    0.0400    0.0187    0.8572    0.6541    0.0364
    0.0450    0.0210    0.8767    0.6321    0.0406  <--- Recall
    0.0500    0.0221    0.8897    0.5957    0.0427
    0.0550    0.0297    0.9239    0.5509    0.0564
    0.0600    0.0297    0.9239    0.5509    0.0564
    0.0650    0.0297    0.9239    0.5509    0.0564
    0.0700    0.0854    0.9751    0.5188    0.1467  <--- Best F1-score
    0.0750    0.0838    0.9753    0.5025    0.1437
    0.0800    0.0788    0.9757    0.4582    0.1345
    0.0850    0.0681    0.9779    0.3433    0.1137
    0.0900    0.0681    0.9779    0.3433    0.1137
    0.0950    0.0645    0.9795    0.2943    0.1058
    0.1000    0.0833    0.9849    0.2670    0.1269
