Confusion matrix [TP, FP, FN, TN]:

      823716   145977220       64359    68440961
      740380    78339414      147695   136078767
      720401    71667119      167674   142751062
      653012    36881443      235063   177536738
      601132    28596037      286943   185822144
      586093    25852678      301982   188565503
      498244    16571360      389831   197846821
      459916    12967160      428159   201451021
      436144     2678025      451931   211740156
      436144     2678025      451931   211740156
      436144     2678025      451931   211740156
      436144     2678025      451931   211740156
      399893     2575002      488182   211843179
      378256     2283382      509819   212134799
      378256     2283382      509819   212134799
      286375     2159605      601700   212258576
      209955     1043475      678120   213374706
      189355      345337      698720   214072844
      189355      345337      698720   214072844

Threshold, Precision, Accuracy, Recall, F1-Score: 

    0.0100    0.0056    0.3217    0.9275    0.0112
    0.0150    0.0094    0.6355    0.8337    0.0185
    0.0200    0.0100    0.6664    0.8112    0.0197
    0.0250    0.0174    0.8276    0.7353    0.0340
    0.0300    0.0206    0.8659    0.6769    0.0400
    0.0350    0.0222    0.8785    0.6600    0.0429
    0.0400    0.0292    0.9212    0.5610    0.0555
    0.0450    0.0343    0.9378    0.5179    0.0643
    0.0500    0.1401    0.9855    0.4911    0.2179 <----- Recall
    0.0550    0.1401    0.9855    0.4911    0.2179
    0.0600    0.1401    0.9855    0.4911    0.2179
    0.0650    0.1401    0.9855    0.4911    0.2179
    0.0700    0.1344    0.9858    0.4503    0.2070
    0.0750    0.1421    0.9870    0.4259    0.2131
    0.0800    0.1421    0.9870    0.4259    0.2131
    0.0850    0.1171    0.9872    0.3225    0.1718
    0.0900    0.1675    0.9920    0.2364    0.1961
    0.0950    0.3541    0.9952    0.2132    0.2662 
    0.1000    0.3541    0.9952    0.2132    0.2662  <---- Best F1-score
